730971456.000
731225280.000
730034368.000
731106176.000
730442496.000
732375232.000
729078656.000
730968000.000
730752192.000
730114560.000
731177920.000
730969728.000
731499840.000
728854592.000
730657536.000
731533376.000
731759040.000
732445504.000
729514304.000
732611968.000
730953920.000
733687104.000
732170432.000
731821632.000
730264576.000
729212800.000
732296448.000
731206656.000
732763392.000
732228416.000
687412544.000
685499008.000
683764864.000
686006592.000
684201792.000
682754368.000
684647360.000
686193216.000
683930432.000
686167232.000
683667584.000
683398592.000
685168768.000
684920896.000
684962944.000
685372992.000
682810560.000
686359104.000
683309632.000
682067904.000
686065280.000
685465280.000
686031360.000
684492352.000
684058560.000
686219712.000
686202880.000
684684288.000
682720000.000
683047616.000
